10r,5,0.0666666666667,0.0809523809524,0.852380952381
Arc,4,0.0833333333333,0.0833333333333,0.833333333333
Arcc-,4,0.5,0.5
10rcc-d0,5,0.5,0.5
Arcc-d0d0-,4,0.333333333333,0.333333333333,0.333333333333
10rcc-d0d0-c,5,0.362745098039,0.362745098039,0.274509803922
Arcc-d0d0-cr,4,0.333333333333,0.333333333333,0.333333333333
10rcc-d0d0-crr,5,0.5,0.5
10rcc-d0d0-r,5,0.309803921569,0.274509803922,0.41568627451
Arcc-d0d0-rr,4,0.5,0.5
Arcc-d0d1-,4,0.333333333333,0.333333333333,0.333333333333
8rcc-d0d1-c,5,0.458079560867,0.458079560867,0.0838408782657
Arcc-d0d1-cr,4,0.333333333333,0.333333333333,0.333333333333
8rcc-d0d1-crr,5,0.5,0.5
8rcc-d0d1-r,5,0.233536351306,0.0838408782657,0.682622770428
Arcc-d0d1-rr,4,0.5,0.5
10rcc-d1,5,0.5,0.5
8rcc-d1d0-,5,0.333333333333,0.333333333333,0.333333333333
10rcc-d1d0-c,5,0.362745098039,0.362745098039,0.274509803922
8rcc-d1d0-cr,5,0.333333333333,0.333333333333,0.333333333333
10rcc-d1d0-crr,5,0.5,0.5
10rcc-d1d0-r,5,0.309803921569,0.274509803922,0.41568627451
8rcc-d1d0-rr,5,0.5,0.5
8rcc-d1d1-,5,0.333333333333,0.333333333333,0.333333333333
5rcc-d1d1-c,6,0.416666666667,0.416666666667,0.166666666667
8rcc-d1d1-cr,5,0.333333333333,0.333333333333,0.333333333333
5rcc-d1d1-crr,6,0.5,0.5
5rcc-d1d1-r,6,0.266666666667,0.166666666667,0.566666666667
8rcc-d1d1-rr,5,0.5,0.5
10rcr,5,0.411764705882,0.588235294118
Arcrc-,4,0.65,0.35
10rcrc-d0,5,0.5,0.5
Arcrc-d0d0-,4,0.025641025641,0.25641025641,0.717948717949
10rcrc-d0d0-c,5,0.233333333333,0.233333333333,0.533333333333
Arcrc-d0d0-cr,4,0.0333333333333,0.419047619048,0.547619047619
10rcrc-d0d0-crr,5,0.78125,0.21875
10rcrc-d0d0-r,5,0.233333333333,0.233333333333,0.533333333333
Arcrc-d0d0-rr,4,0.0178571428571,0.982142857143
Arcrc-d0d1-,4,0.025641025641,0.487179487179,0.487179487179
8rcrc-d0d1-c,5,0.451768362525,0.451768362525,0.0964632749493
Arcrc-d0d1-cr,4,0.0175438596491,0.423558897243,0.558897243108
8rcrc-d0d1-crr,5,0.855182185027,0.144817814973
8rcrc-d0d1-r,5,0.603912163953,0.24528748916,0.150800346888
Arcrc-d0d1-rr,4,0.0263157894737,0.973684210526
10rcrc-d1,5,0.5,0.5
8rcrc-d1d0-,5,0.0333333333333,0.433022774327,0.53364389234
10rcrc-d1d0-c,5,0.233333333333,0.233333333333,0.533333333333
8rcrc-d1d0-cr,5,0.0256594150928,0.421240167116,0.553100417791
10rcrc-d1d0-crr,5,0.78125,0.21875
10rcrc-d1d0-r,5,0.233333333333,0.233333333333,0.533333333333
8rcrc-d1d0-rr,5,0.031231813773,0.968768186227
8rcrc-d1d1-,5,0.0333333333333,0.454584442473,0.512082224194
5rcrc-d1d1-c,6,0.166666666667,0.166666666667,0.666666666667
8rcrc-d1d1-cr,5,0.0244423479402,0.402784289486,0.572773362574
5rcrc-d1d1-crr,6,0.875,0.125
5rcrc-d1d1-r,6,0.166666666667,0.166666666667,0.666666666667
8rcrc-d1d1-rr,5,0.0325468564993,0.967453143501
Arr,4,0.615674127118,0.384325872882
Arrc-,4,0.512132767451,0.487867232549
10rrc-d0,5,0.503559751628,0.496440248372
Arrc-d0d0-,4,0.105846518185,0.447076740907,0.447076740907
10rrc-d0d0-c,5,0.355938890051,0.363008064299,0.281053045651
Arrc-d0d0-cr,4,0.0789174866419,0.406023575245,0.515058938113
10rrc-d0d0-crr,5,0.953947368421,0.0460526315789
10rrc-d0d0-r,5,0.518029023795,0.165139153227,0.316831822978
Arrc-d0d0-rr,4,0.118376229963,0.881623770037
Arrc-d0d1-,4,0.105846518185,0.423386072741,0.470767409073
8rrc-d0d1-c,5,0.279176088575,0.279176088575,0.44164782285
Arrc-d0d1-cr,4,0.0833333333333,0.404761904762,0.511904761905
8rrc-d0d1-crr,5,0.949908928075,0.0500910719252
8rrc-d0d1-r,5,0.366699351207,0.145587950873,0.48771269792
Arrc-d0d1-rr,3,0.112419122634,0.887580877366
10rrc-d1,5,0.148044692737,0.851955307263
8rrc-d1d0-,5,0.0833333333333,0.333333333333,0.583333333333
10rrc-d1d0-c,5,0.0880503144654,0.0880503144654,0.823899371069
8rrc-d1d0-cr,5,0.0833333333333,0.404761904762,0.511904761905
10rrc-d1d0-crr,5,0.946564885496,0.0534351145038
10rrc-d1d0-r,5,0.0880503144654,0.0880503144654,0.823899371069
8rrc-d1d0-rr,5,0.0714285714286,0.928571428571
8rrc-d1d1-,5,0.0833333333333,0.380471753919,0.536194912748
5rrc-d1d1-c,6,0.0166666666667,0.716666666667,0.266666666667
8rrc-d1d1-cr,5,0.0730087778965,0.381039819561,0.545951402543
5rrc-d1d1-crr,6,0.272321428571,0.727678571429
5rrc-d1d1-r,6,0.2,0.12,0.68
8rrc-d1d1-rr,5,0.0777080604013,0.922291939599
2r,6,0.0555555555556,0.0674603174603,0.876984126984
Krc,3,0.111111111111,0.111111111111,0.777777777778
Krcc-,3,0.5,0.5
2rcc-d0,6,0.5,0.5
Krcc-d0d0-,3,0.333333333333,0.333333333333,0.333333333333
2rcc-d0d0-c,6,0.362745098039,0.362745098039,0.274509803922
Krcc-d0d0-cr,3,0.333333333333,0.333333333333,0.333333333333
2rcc-d0d0-crr,6,0.5,0.5
2rcc-d0d0-r,6,0.309803921569,0.274509803922,0.41568627451
Krcc-d0d0-rr,3,0.5,0.5
Krcc-d0d1-,3,0.333333333333,0.333333333333,0.333333333333
5rcc-d0d1-c,7,0.359848484848,0.604166666667,0.0359848484848
Krcc-d0d1-cr,3,0.333333333333,0.333333333333,0.333333333333
5rcc-d0d1-crr,7,0.5,0.5
5rcc-d0d1-r,7,0.16553030303,0.0359848484848,0.798484848485
Krcc-d0d1-rr,3,0.5,0.5
2rcc-d1,6,0.5,0.5
5rcc-d1d0-,7,0.226696365766,0.494481579096,0.278822055138
2rcc-d1d0-c,6,0.362745098039,0.362745098039,0.274509803922
5rcc-d1d0-cr,7,0.0983959939488,0.398846138954,0.502757867098
2rcc-d1d0-crr,6,0.5,0.5
2rcc-d1d0-r,6,0.309803921569,0.274509803922,0.41568627451
5rcc-d1d0-rr,7,0.085393258427,0.914606741573
5rcc-d1d1-,7,0.047619047619,0.482301871829,0.470079080552
10rcc-d1d1-c,4,0.416666666667,0.416666666667,0.166666666667
5rcc-d1d1-cr,7,0.032910956395,0.24276826944,0.724320774165
10rcc-d1d1-crr,4,0.5,0.5
10rcc-d1d1-r,4,0.266666666667,0.166666666667,0.566666666667
5rcc-d1d1-rr,7,0.0506500390989,0.949349960901
2rcr,6,0.411764705882,0.588235294118
Krcrc-,3,0.714285714286,0.285714285714
2rcrc-d0,6,0.5,0.5
Krcrc-d0d0-,3,0.0333333333333,0.433022774327,0.53364389234
2rcrc-d0d0-c,6,0.233333333333,0.233333333333,0.533333333333
Krcrc-d0d0-cr,3,0.0256594150928,0.421240167116,0.553100417791
2rcrc-d0d0-crr,6,0.78125,0.21875
2rcrc-d0d0-r,6,0.233333333333,0.233333333333,0.533333333333
Krcrc-d0d0-rr,3,0.031231813773,0.968768186227
Krcrc-d0d1-,3,0.0333333333333,0.433022774327,0.53364389234
5rcrc-d0d1-c,7,0.012849611915,0.473165911484,0.513984476601
Krcrc-d0d1-cr,3,0.0256594150928,0.421240167116,0.553100417791
5rcrc-d0d1-crr,7,0.9875,0.0125
5rcrc-d0d1-r,7,0.012849611915,0.012849611915,0.97430077617
Krcrc-d0d1-rr,3,0.031231813773,0.968768186227
2rcrc-d1,6,0.5,0.5
5rcrc-d1d0-,7,0.047619047619,0.160059502917,0.792321449464
2rcrc-d1d0-c,6,0.233333333333,0.233333333333,0.533333333333
5rcrc-d1d0-cr,7,0.0991694687524,0.290424872775,0.610405658473
2rcrc-d1d0-crr,6,0.78125,0.21875
2rcrc-d1d0-r,6,0.233333333333,0.233333333333,0.533333333333
5rcrc-d1d0-rr,7,0.0300503335176,0.969949666482
5rcrc-d1d1-,7,0.047619047619,0.047619047619,0.904761904762
10rcrc-d1d1-c,4,0.243991748403,0.243991748403,0.512016503194
5rcrc-d1d1-cr,7,0.333333333333,0.333333333333,0.333333333333
10rcrc-d1d1-crr,4,0.891180787405,0.108819212595
10rcrc-d1d1-r,4,0.277131069147,0.111434465427,0.611434465427
5rcrc-d1d1-rr,7,0.0263157894737,0.973684210526
Krr,3,0.488456753315,0.511543246685
Krrc-,3,0.511282767156,0.488717232844
2rrc-d0,6,0.560444808374,0.439555191626
Krrc-d0d0-,3,0.106207207144,0.424828828575,0.468963964281
2rrc-d0d0-c,6,0.411861648085,0.411861648085,0.176276703831
Krrc-d0d0-cr,3,0.0833333333333,0.404761904762,0.511904761905
2rrc-d0d0-crr,6,0.946564885496,0.0534351145038
2rrc-d0d0-r,6,0.511784794157,0.119169651246,0.369045554597
Krrc-d0d0-rr,3,0.11323600024,0.88676399976
Krrc-d0d1-,3,0.106207207144,0.424828828575,0.468963964281
5rrc-d0d1-c,7,0.177572525764,0.774119592806,0.0483078814304
Krrc-d0d1-cr,3,0.0833333333333,0.404761904762,0.511904761905
5rrc-d0d1-crr,7,0.356893831824,0.643106168176
5rrc-d0d1-r,7,0.131041830001,0.0342342342342,0.834723935765
Krrc-d0d1-rr,3,0.11323600024,0.88676399976
2rrc-d1,6,0.119909502262,0.880090497738
5rrc-d1d0-,7,0.047619047619,0.506038599331,0.44634235305
2rrc-d1d0-c,6,0.0880503144654,0.0880503144654,0.823899371069
5rrc-d1d0-cr,7,0.0313672037943,0.223813454194,0.744819342011
2rrc-d1d0-crr,6,0.946564885496,0.0534351145038
2rrc-d1d0-r,6,0.0880503144654,0.0880503144654,0.823899371069
5rrc-d1d0-rr,7,0.0533436355453,0.946656364455
5rrc-d1d1-,7,0.047619047619,0.531931351402,0.420449600979
10rrc-d1d1-c,4,0.0415927985745,0.0415927985745,0.916814402851
5rrc-d1d1-cr,7,0.029840346562,0.211321381419,0.758838272019
10rrc-d1d1-crr,4,0.977316674757,0.0226833252429
10rrc-d1d1-r,4,0.0415927985745,0.0415927985745,0.916814402851
5rrc-d1d1-rr,7,0.0566287225724,0.943371277428
2rcc-d1d1-c,4,0.333333333333,0.333333333333,0.333333333333
2rcc-d1d1-crr,4,0.5,0.5
2rcc-d1d1-r,4,0.333333333333,0.333333333333,0.333333333333
2rcrc-d1d1-c,4,0.494252873563,0.494252873563,0.0114942528736
2rcrc-d1d1-crr,4,0.5,0.5
2rcrc-d1d1-r,4,0.977011494253,0.0114942528736,0.0114942528736
2rrc-d1d1-c,4,0.105691056911,0.788617886179,0.105691056911
2rrc-d1d1-crr,4,0.5,0.5
2rrc-d1d1-r,4,0.167775314117,0.416112342942,0.416112342942
6r,7,0.117536963949,0.197718158421,0.68474487763
3rc,4,0.0833333333333,0.726569489905,0.190097176762
3rcc-,4,0.942652881458,0.0573471185421
6rcc-d0,7,0.5,0.5
3rcc-d0d0-,4,0.0202786270076,0.959442745985,0.0202786270076
6rcc-d0d0-c,7,0.0802810222377,0.414310072884,0.505408904878
3rcc-d0d0-cr,4,0.0831342984216,0.00704527952726,0.909820422051
6rcc-d0d0-crr,7,0.0794218517549,0.920578148245
6rcc-d0d0-r,7,0.0802810222377,0.372264458117,0.547454519645
3rcc-d0d0-rr,4,0.5,0.5
3rcc-d0d1-,4,0.0202786270076,0.959442745985,0.0202786270076
Qrcc-d0d1-c,5,0.227097139873,0.367328915241,0.405573944886
3rcc-d0d1-cr,4,0.0831342984216,0.00704527952726,0.909820422051
Qrcc-d0d1-crr,5,0.279970080347,0.720029919653
Qrcc-d0d1-r,5,0.227097139873,0.349677363096,0.42322549703
3rcc-d0d1-rr,4,0.5,0.5
6rcc-d1,7,0.120421533357,0.879578466643
Qrcc-d1d0-,5,0.047619047619,0.904761904762,0.047619047619
6rcc-d1d0-c,7,0.333333333333,0.333333333333,0.333333333333
Qrcc-d1d0-cr,5,0.099186061766,0.0175438596491,0.883270078585
6rcc-d1d0-crr,7,0.5,0.5
6rcc-d1d0-r,7,0.333333333333,0.333333333333,0.333333333333
Qrcc-d1d0-rr,5,0.5,0.5
Qrcc-d1d1-,5,0.047619047619,0.904761904762,0.047619047619
Qrcc-d1d1-cr,5,0.0175438596491,0.504911217726,0.477544922625
Qrcc-d1d1-rr,5,0.5,0.5
6rcr,7,0.149291309136,0.850708690864
3rcrc-,4,0.780813858594,0.219186141406
6rcrc-d0,7,0.5,0.5
3rcrc-d0d0-,4,0.0935716577406,0.812856684519,0.0935716577406
6rcrc-d0d0-c,7,0.0471847902225,0.503804805825,0.449010403953
3rcrc-d0d0-cr,4,0.0383715274466,0.0383715274466,0.923256945107
6rcrc-d0d0-crr,7,0.0525430923283,0.947456907672
6rcrc-d0d0-r,7,0.0471847902225,0.415090059936,0.537725149841
3rcrc-d0d0-rr,4,0.5,0.5
3rcrc-d0d1-,4,0.0935716577406,0.812856684519,0.0935716577406
Qrcrc-d0d1-c,5,0.190219109914,0.59118823982,0.218592650265
3rcrc-d0d1-cr,4,0.0383715274466,0.0383715274466,0.923256945107
Qrcrc-d0d1-crr,5,0.312144212524,0.687855787476
Qrcrc-d0d1-r,5,0.328664210512,0.430767043001,0.240568746487
3rcrc-d0d1-rr,4,0.5,0.5
6rcrc-d1,7,0.071738851019,0.928261148981
Qrcrc-d1d0-,5,0.0833333333333,0.833333333333,0.0833333333333
6rcrc-d1d0-c,7,0.334742075919,0.33639295376,0.328864970321
Qrcrc-d1d0-cr,5,0.0333333333333,0.0333333333333,0.933333333333
6rcrc-d1d0-crr,7,0.5,0.5
6rcrc-d1d0-r,7,0.328864970321,0.33461000848,0.336525021199
Qrcrc-d1d0-rr,5,0.5,0.5
Qrcrc-d1d1-,5,0.112179487179,0.804487179487,0.0833333333333
Qrcrc-d1d1-cr,5,0.0345285524568,0.0345285524568,0.930942895086
Qrcrc-d1d1-rr,5,0.5,0.5
3rr,4,0.125,0.875
3rrc-,4,0.928571428571,0.0714285714286
6rrc-d0,7,0.598895958811,0.401104041189
3rrc-d0d0-,4,0.025641025641,0.948717948718,0.025641025641
6rrc-d0d0-c,7,0.0193530438296,0.259317116691,0.721329839479
3rrc-d0d0-cr,4,0.00900900900901,0.00900900900901,0.981981981982
6rrc-d0d0-crr,7,0.0134148365771,0.986585163423
6rrc-d0d0-r,7,0.0193530438296,0.0193530438296,0.961293912341
3rrc-d0d0-rr,4,0.5,0.5
3rrc-d0d1-,4,0.025641025641,0.948717948718,0.025641025641
Qrrc-d0d1-c,5,0.0217286279407,0.871543521749,0.10672785031
3rrc-d0d1-cr,4,0.00900900900901,0.00900900900901,0.981981981982
Qrrc-d0d1-crr,5,0.101794554455,0.898205445545
Qrrc-d0d1-r,5,0.199573388532,0.570318134022,0.230108477446
3rrc-d0d1-rr,4,0.5,0.5
6rrc-d1,7,0.0347713792207,0.965228620779
Qrrc-d1d0-,5,0.111111111111,0.777777777778,0.111111111111
6rrc-d1d0-c,7,0.333333333333,0.333333333333,0.333333333333
Qrrc-d1d0-cr,5,0.047619047619,0.047619047619,0.904761904762
6rrc-d1d0-crr,7,0.5,0.5
6rrc-d1d0-r,7,0.333333333333,0.333333333333,0.333333333333
Qrrc-d1d0-rr,5,0.5,0.5
Qrrc-d1d1-,5,0.136752136752,0.752136752137,0.111111111111
Qrrc-d1d1-cr,5,0.0492424242424,0.0492424242424,0.901515151515
Qrrc-d1d1-rr,5,0.5,0.5
9r,6,0.0555555555556,0.434014519449,0.510429924996
Jrc,6,0.0555555555556,0.124076064067,0.820368380377
Jrcc-,6,0.296592686495,0.703407313505
9rcc-d0,6,0.92228334026,0.0777166597399
Jrcc-d0d0-,6,0.251609942413,0.411702422926,0.336687634661
9rcc-d0d0-c,6,0.0305668942786,0.595940891701,0.373492214021
Jrcc-d0d0-cr,6,0.203715052751,0.203715052751,0.592569894497
9rcc-d0d0-crr,6,0.0432361019366,0.956763898063
9rcc-d0d0-r,6,0.0261057799785,0.0231317037784,0.950762516243
Jrcc-d0d0-rr,6,0.373654860635,0.626345139365
Jrcc-d0d1-,6,0.251609942413,0.494266131518,0.254123926069
Krcc-d0d1-c,4,0.457698815567,0.457698815567,0.0846023688663
Jrcc-d0d1-cr,6,0.169685874585,0.313839026163,0.516475099252
Krcc-d0d1-crr,4,0.5,0.5
Krcc-d0d1-r,4,0.233840947547,0.0846023688663,0.681556683587
Jrcc-d0d1-rr,6,0.495053626601,0.504946373399
9rcc-d1,6,0.92228334026,0.0777166597399
Krcc-d1d0-,4,0.0833333333333,0.428728070175,0.487938596491
9rcc-d1d0-c,6,0.0305668942786,0.297556355411,0.671876750311
Krcc-d1d0-cr,4,0.0647911338448,0.37464751787,0.560561348285
9rcc-d1d0-crr,6,0.024034687062,0.975965312938
9rcc-d1d0-r,6,0.0261057799785,0.0231317037784,0.950762516243
Krcc-d1d0-rr,4,0.085393258427,0.914606741573
Krcc-d1d1-,4,0.0833333333333,0.428728070175,0.487938596491
3rcc-d1d1-c,4,0.369792679833,0.458354595382,0.171852724784
Krcc-d1d1-cr,4,0.0647911338448,0.37464751787,0.560561348285
3rcc-d1d1-crr,4,0.437323986009,0.562676013991
3rcc-d1d1-r,4,0.236667315093,0.147917071933,0.615415612973
Krcc-d1d1-rr,4,0.085393258427,0.914606741573
9rcr,6,0.0640019550799,0.93599804492
Jrcrc-,6,0.864559490872,0.135440509128
9rcrc-d0,6,0.95115835717,0.0488416428304
Jrcrc-d0d0-,6,0.0130548669157,0.435810022759,0.551135110325
9rcrc-d0d0-c,6,0.0119815835515,0.559551898751,0.428466517698
Jrcrc-d0d0-cr,6,0.00998513590322,0.16846824411,0.821546619986
9rcrc-d0d0-crr,6,0.0600477677909,0.939952232209
9rcrc-d0d0-r,6,0.0119815835515,0.0119815835515,0.976036832897
Jrcrc-d0d0-rr,6,0.0118436175369,0.988156382463
Jrcrc-d0d1-,6,0.0130548669157,0.781179712863,0.205765420221
Krcrc-d0d1-c,4,0.470262782488,0.470262782488,0.0594744350246
Jrcrc-d0d1-cr,6,0.00557057772184,0.0815931128469,0.912836309431
Krcrc-d0d1-crr,4,0.592685391774,0.407314608226
Krcrc-d0d1-r,4,0.0484496124031,0.0484496124031,0.903100775194
Jrcrc-d0d1-rr,6,0.0317226939825,0.968277306017
9rcrc-d1,6,0.95115835717,0.0488416428304
Krcrc-d1d0-,4,0.48149456753,0.435172099136,0.0833333333333
9rcrc-d1d0-c,6,0.0119815835515,0.326235114806,0.661783301643
Krcrc-d1d0-cr,4,0.551981873782,0.38418641956,0.0638317066579
9rcrc-d1d0-crr,6,0.0388774662295,0.961122533771
9rcrc-d1d0-r,6,0.0119815835515,0.0119815835515,0.976036832897
Krcrc-d1d0-rr,4,0.5,0.5
Krcrc-d1d1-,4,0.0833333333333,0.833333333333,0.0833333333333
3rcrc-d1d1-c,4,0.132959456393,0.335202718033,0.531837825573
Krcrc-d1d1-cr,4,0.0333333333333,0.0333333333333,0.933333333333
3rcrc-d1d1-crr,4,0.875,0.125
3rcrc-d1d1-r,4,0.132959456393,0.132959456393,0.734081087213
Krcrc-d1d1-rr,4,0.5,0.5
Jrr,6,0.621277078596,0.378722921404
Jrrc-,6,0.561737023098,0.438262976902
9rrc-d0,6,0.793980084221,0.206019915779
Jrrc-d0d0-,6,0.0652849182304,0.349894741024,0.584820340745
9rrc-d0d0-c,6,0.0228470697578,0.419134720375,0.558018209867
Jrrc-d0d0-cr,6,0.0621948170653,0.305400991853,0.632404191081
9rrc-d0d0-crr,6,0.3669351994,0.6330648006
9rrc-d0d0-r,6,0.0228470697578,0.0228470697578,0.954305860484
Jrrc-d0d0-rr,6,0.0558162171199,0.94418378288
Jrrc-d0d1-,6,0.0652849182304,0.463846824935,0.470868256834
Krrc-d0d1-c,4,0.0513456090652,0.0513456090652,0.89730878187
Jrrc-d0d1-cr,6,0.0469155726422,0.227875638548,0.72520878881
Krrc-d0d1-crr,4,0.973691133912,0.0263088660879
Krrc-d0d1-r,4,0.0472143531634,0.0472143531634,0.905571293673
Jrrc-d0d1-rr,6,0.0693239746816,0.930676025318
9rrc-d1,6,0.793980084221,0.206019915779
Krrc-d1d0-,4,0.0666666666667,0.466666666667,0.466666666667
9rrc-d1d0-c,6,0.0228470697578,0.372396700159,0.604756230084
Krrc-d1d0-cr,4,0.047619047619,0.414965986395,0.537414965986
9rrc-d1d0-crr,6,0.338576955343,0.661423044657
9rrc-d1d0-r,6,0.0228470697578,0.0228470697578,0.954305860484
Krrc-d1d0-rr,4,0.0714285714286,0.928571428571
Krrc-d1d1-,4,0.0666666666667,0.466666666667,0.466666666667
3rrc-d1d1-c,4,0.0341610043734,0.769673718066,0.196165277561
Krrc-d1d1-cr,4,0.047619047619,0.414965986395,0.537414965986
3rrc-d1d1-crr,4,0.616246725608,0.383753274392
3rrc-d1d1-r,4,0.0341610043734,0.0341610043734,0.931677991253
Krrc-d1d1-rr,4,0.0714285714286,0.928571428571
Kr,2,0.166666666667,0.377192982456,0.456140350877
Krcc-d0,2,0.5,0.5
Krcc-d0d0-c,2,0.147286821705,0.519379844961,0.333333333333
Krcc-d0d0-crr,2,0.220930232558,0.779069767442
Krcc-d0d0-r,2,0.333333333333,0.333333333333,0.333333333333
Jrcc-d0d1-c,3,0.333333333333,0.333333333333,0.333333333333
Jrcc-d0d1-crr,3,0.5,0.5
Jrcc-d0d1-r,3,0.333333333333,0.333333333333,0.333333333333
Krcc-d1,2,0.5,0.5
Jrcc-d1d0-,3,0.0,1.0,0.0
Krcc-d1d0-c,2,0.333333333333,0.333333333333,0.333333333333
Jrcc-d1d0-cr,3,0.2,0.0,0.8
Krcc-d1d0-crr,2,0.5,0.5
Krcc-d1d0-r,2,0.333333333333,0.333333333333,0.333333333333
Jrcc-d1d0-rr,3,0.5,0.5
Jrcc-d1d1-,3,0.0,1.0,0.0
4rcc-d1d1-c,4,0.266562836971,0.354699892169,0.37873727086
Jrcc-d1d1-cr,3,0.2,0.0,0.8
4rcc-d1d1-crr,4,0.351909961707,0.648090038293
4rcc-d1d1-r,4,0.266562836971,0.343605717389,0.38983144564
Jrcc-d1d1-rr,3,0.5,0.5
Krcr,2,0.5,0.5
Krcrc-d0,2,0.5,0.5
Krcrc-d0d0-c,2,0.333333333333,0.333333333333,0.333333333333
Krcrc-d0d0-crr,2,0.5,0.5
Krcrc-d0d0-r,2,0.333333333333,0.333333333333,0.333333333333
Jrcrc-d0d1-c,3,0.333333333333,0.333333333333,0.333333333333
Jrcrc-d0d1-crr,3,0.5,0.5
Jrcrc-d0d1-r,3,0.333333333333,0.333333333333,0.333333333333
Krcrc-d1,2,0.5,0.5
Jrcrc-d1d0-,3,0.612572354798,0.387427645202,0.0
Krcrc-d1d0-c,2,0.333333333333,0.333333333333,0.333333333333
Jrcrc-d1d0-cr,3,0.463059783007,0.0850807058072,0.451859511186
Krcrc-d1d0-crr,2,0.5,0.5
Krcrc-d1d0-r,2,0.333333333333,0.333333333333,0.333333333333
Jrcrc-d1d0-rr,3,0.5,0.5
Jrcrc-d1d1-,3,0.0,1.0,0.0
4rcrc-d1d1-c,4,0.30844730597,0.348159051763,0.343393642267
Jrcrc-d1d1-cr,3,0.0,0.0,1.0
4rcrc-d1d1-crr,4,0.449116215334,0.550883784666
4rcrc-d1d1-r,4,0.30844730597,0.340443626866,0.351109067164
Jrcrc-d1d1-rr,3,0.5,0.5
Krrc-d0,2,0.5,0.5
Krrc-d0d0-c,2,0.121794871795,0.658777120316,0.21942800789
Krrc-d0d0-crr,2,0.277528089888,0.722471910112
Krrc-d0d0-r,2,0.333333333333,0.333333333333,0.333333333333
Jrrc-d0d1-c,3,0.111131120099,0.656711194093,0.232157685809
Jrrc-d0d1-crr,3,0.239344046938,0.760655953062
Jrrc-d0d1-r,3,0.111131120099,0.396819679972,0.49204919993
Krrc-d1,2,0.5,0.5
Jrrc-d1d0-,3,0.0,1.0,0.0
Krrc-d1d0-c,2,0.333333333333,0.333333333333,0.333333333333
Jrrc-d1d0-cr,3,0.0,0.0,1.0
Krrc-d1d0-crr,2,0.5,0.5
Krrc-d1d0-r,2,0.333333333333,0.333333333333,0.333333333333
Jrrc-d1d0-rr,3,0.5,0.5
Jrrc-d1d1-,3,0.0,1.0,0.0
4rrc-d1d1-c,4,0.0932411889533,0.564698808734,0.342060002312
Jrrc-d1d1-cr,3,0.0,0.0,1.0
4rrc-d1d1-crr,4,0.136293615627,0.863706384373
4rrc-d1d1-r,4,0.127809020108,0.519061382798,0.353129597095
Jrrc-d1d1-rr,3,0.5,0.5
2rc,6,0.0555555555556,0.888888888889,0.0555555555556
2rcc-,6,0.875,0.125
2rcc-d0d0-,6,0.587334061288,0.400761176807,0.0119047619048
2rcc-d0d0-cr,6,0.801964152323,0.0990179238385,0.0990179238385
2rcc-d0d0-rr,6,0.5,0.5
2rcc-d0d1-,6,0.0119047619048,0.97619047619,0.0119047619048
6rcc-d0d1-c,2,0.333333333333,0.333333333333,0.333333333333
2rcc-d0d1-cr,6,0.20162601626,0.00406504065041,0.794308943089
6rcc-d0d1-crr,2,0.5,0.5
6rcc-d0d1-r,2,0.333333333333,0.333333333333,0.333333333333
2rcc-d0d1-rr,6,0.5,0.5
6rcc-d1d0-,2,0.333333333333,0.333333333333,0.333333333333
6rcc-d1d0-cr,2,0.333333333333,0.333333333333,0.333333333333
6rcc-d1d0-rr,2,0.5,0.5
6rcc-d1d1-,2,0.333333333333,0.333333333333,0.333333333333
6rcc-d1d1-cr,2,0.333333333333,0.333333333333,0.333333333333
6rcc-d1d1-rr,2,0.5,0.5
2rcrc-,6,0.5,0.5
2rcrc-d0d0-,6,0.333333333333,0.333333333333,0.333333333333
2rcrc-d0d0-cr,6,0.333333333333,0.333333333333,0.333333333333
2rcrc-d0d0-rr,6,0.5,0.5
2rcrc-d0d1-,6,0.333333333333,0.333333333333,0.333333333333
6rcrc-d0d1-c,2,0.333333333333,0.333333333333,0.333333333333
2rcrc-d0d1-cr,6,0.333333333333,0.333333333333,0.333333333333
6rcrc-d0d1-crr,2,0.5,0.5
6rcrc-d0d1-r,2,0.333333333333,0.333333333333,0.333333333333
2rcrc-d0d1-rr,6,0.5,0.5
6rcrc-d1d0-,2,0.333333333333,0.333333333333,0.333333333333
6rcrc-d1d0-cr,2,0.333333333333,0.333333333333,0.333333333333
6rcrc-d1d0-rr,2,0.5,0.5
6rcrc-d1d1-,2,0.333333333333,0.333333333333,0.333333333333
6rcrc-d1d1-cr,2,0.333333333333,0.333333333333,0.333333333333
6rcrc-d1d1-rr,2,0.5,0.5
2rr,6,0.0833333333333,0.916666666667
2rrc-,6,0.863636363636,0.136363636364
2rrc-d0d0-,6,0.0647284778992,0.917727662452,0.0175438596491
2rrc-d0d0-cr,6,0.00637220981304,0.00637220981304,0.987255580374
2rrc-d0d0-rr,6,0.5,0.5
2rrc-d0d1-,6,0.0175438596491,0.964912280702,0.0175438596491
6rrc-d0d1-c,2,0.333333333333,0.333333333333,0.333333333333
2rrc-d0d1-cr,6,0.00606060606061,0.00606060606061,0.987878787879
6rrc-d0d1-crr,2,0.5,0.5
6rrc-d0d1-r,2,0.333333333333,0.333333333333,0.333333333333
2rrc-d0d1-rr,6,0.5,0.5
6rrc-d1d0-,2,0.280833036837,0.445181791087,0.273985172076
6rrc-d1d0-cr,2,0.2051485315,0.2051485315,0.589702936999
6rrc-d1d0-rr,2,0.5,0.5
6rrc-d1d1-,2,0.273985172076,0.452029655847,0.273985172076
6rrc-d1d1-cr,2,0.202040705761,0.202040705761,0.595918588478
6rrc-d1d1-rr,2,0.5,0.5
5r,4,0.0833333333333,0.113904968644,0.802761698022
8rc,7,0.047619047619,0.260501749901,0.69187920248
8rcc-,7,0.42435137574,0.57564862426
5rcc-d0,4,0.5,0.5
8rcc-d0d0-,7,0.071794833953,0.49112559973,0.437079566317
5rcc-d0d0-c,4,0.378065996118,0.378065996118,0.243868007764
8rcc-d0d0-cr,7,0.0487280877454,0.0487280877454,0.902543824509
5rcc-d0d0-crr,4,0.5,0.5
5rcc-d0d0-r,4,0.297547203106,0.243868007764,0.45858478913
8rcc-d0d0-rr,7,0.0821301651756,0.917869834824
8rcc-d0d1-,7,0.071794833953,0.676176101885,0.252029064162
3rcc-d0d1-c,7,0.119047619048,0.709109730849,0.171842650104
8rcc-d0d1-cr,7,0.0353925719216,0.275857740133,0.688749687945
3rcc-d0d1-crr,7,0.210843373494,0.789156626506
3rcc-d0d1-r,7,0.0761904761905,0.047619047619,0.87619047619
8rcc-d0d1-rr,7,0.142433639929,0.857566360071
5rcc-d1,4,0.365802011646,0.634197988354
3rcc-d1d0-,7,0.0804776562858,0.708797954229,0.210724389485
5rcc-d1d0-c,4,0.333333333333,0.333333333333,0.333333333333
3rcc-d1d0-cr,7,0.0378470130572,0.0981800551271,0.863972931816
5rcc-d1d0-crr,4,0.5,0.5
5rcc-d1d0-r,4,0.333333333333,0.333333333333,0.333333333333
3rcc-d1d0-rr,7,0.190954773869,0.809045226131
3rcc-d1d1-,7,0.0804776562858,0.328356842908,0.591165500806
3rcc-d1d1-cr,7,0.298036825514,0.245092063784,0.456871110703
3rcc-d1d1-rr,7,0.0680669424857,0.931933057514
5rcr,4,0.365802011646,0.634197988354
8rcrc-,7,0.847619842763,0.152380157237
5rcrc-d0,4,0.5,0.5
8rcrc-d0d0-,7,0.0135331240814,0.518836106705,0.467630769214
5rcrc-d0d0-c,4,0.192264885921,0.192264885921,0.615470228158
8rcrc-d0d0-cr,7,0.00869454014896,0.109519778082,0.881785681769
5rcrc-d0d0-crr,4,0.843806509946,0.156193490054
5rcrc-d0d0-r,4,0.192264885921,0.192264885921,0.615470228158
8rcrc-d0d0-rr,7,0.01446988198,0.98553011802
8rcrc-d0d1-,7,0.0135331240814,0.567097598067,0.419369277851
3rcrc-d0d1-c,7,0.0333333333333,0.111111111111,0.855555555556
8rcrc-d0d1-cr,7,0.00795461200303,0.359811350231,0.632234037766
3rcrc-d0d1-crr,7,0.138218923933,0.861781076067
3rcrc-d0d1-r,7,0.0333333333333,0.0333333333333,0.933333333333
8rcrc-d0d1-rr,7,0.016135092383,0.983864907617
5rcrc-d1,4,0.288397328881,0.711602671119
3rcrc-d1d0-,7,0.0166666666667,0.924787709778,0.0585456235554
5rcrc-d1d0-c,4,0.333333333333,0.333333333333,0.333333333333
3rcrc-d1d0-cr,7,0.00600738471848,0.017593055247,0.976399560035
5rcrc-d1d0-crr,4,0.5,0.5
5rcrc-d1d0-r,4,0.333333333333,0.333333333333,0.333333333333
3rcrc-d1d0-rr,7,0.142339133607,0.857660866393
3rcrc-d1d1-,7,0.0166666666667,0.475145481706,0.508187851628
3rcrc-d1d1-cr,7,0.0116923253392,0.0492747996438,0.939032875017
3rcrc-d1d1-rr,7,0.0163981356631,0.983601864337
8rr,7,0.198478854223,0.801521145777
8rrc-,7,0.69803764845,0.30196235155
5rrc-d0,4,0.188575076992,0.811424923008
8rrc-d0d0-,7,0.0212778078528,0.523795920516,0.454926271631
5rrc-d0d0-c,4,0.0917479917679,0.0917479917679,0.816504016464
8rrc-d0d0-cr,7,0.013540774832,0.118702786469,0.867756438699
5rrc-d0d0-crr,4,0.943816570453,0.0561834295471
5rrc-d0d0-r,4,0.0917479917679,0.0917479917679,0.816504016464
8rrc-d0d0-rr,7,0.0233859959072,0.976614004093
8rrc-d0d1-,7,0.0212778078528,0.554698231503,0.424023960644
3rrc-d0d1-c,7,0.0331277416005,0.258280539496,0.708591718903
8rrc-d0d1-cr,7,0.012786416496,0.371819312873,0.615394270631
3rrc-d0d1-crr,7,0.16585659128,0.83414340872
3rrc-d0d1-r,7,0.0331277416005,0.0331277416005,0.933744516799
8rrc-d0d1-rr,7,0.0250903366646,0.974909663335
5rrc-d1,4,0.0519041538346,0.948095846165
3rrc-d1d0-,7,0.0884897461426,0.690285888501,0.221224365356
5rrc-d1d0-c,4,0.333333333333,0.333333333333,0.333333333333
3rrc-d1d0-cr,7,0.0427309648638,0.125140682815,0.832128352321
5rrc-d1d0-crr,4,0.5,0.5
5rrc-d1d0-r,4,0.333333333333,0.333333333333,0.333333333333
3rrc-d1d0-rr,7,0.2,0.8
3rrc-d1d1-,7,0.0884897461426,0.618152450275,0.293357803582
3rrc-d1d1-cr,7,0.0477173260971,0.201094445695,0.751188228208
3rrc-d1d1-rr,7,0.150822212776,0.849177787224
9rcc-d1d1-c,4,0.333333333333,0.333333333333,0.333333333333
9rcc-d1d1-crr,4,0.5,0.5
9rcc-d1d1-r,4,0.333333333333,0.333333333333,0.333333333333
9rcrc-d1d1-c,4,0.475335522559,0.475335522559,0.0493289548829
9rcrc-d1d1-crr,4,0.5,0.5
9rcrc-d1d1-r,4,0.333333333333,0.333333333333,0.333333333333
9rrc-d1d1-c,4,0.469154539773,0.469154539773,0.0616909204535
9rrc-d1d1-crr,4,0.5,0.5
9rrc-d1d1-r,4,0.599078836825,0.200460581587,0.200460581587
Qr,3,0.142125668033,0.471980410204,0.385893921763
5rc,1,0.333333333333,0.333333333333,0.333333333333
5rcc-,1,0.5,0.5
Qrcc-d0,3,0.175630791098,0.824369208902
5rcc-d0d0-,1,0.333333333333,0.333333333333,0.333333333333
Qrcc-d0d0-c,3,0.223399197785,0.223399197785,0.55320160443
5rcc-d0d0-cr,1,0.333333333333,0.333333333333,0.333333333333
Qrcc-d0d0-crr,3,0.201914813692,0.798085186308
Qrcc-d0d0-r,3,0.223399197785,0.350246277264,0.426354524951
5rcc-d0d0-rr,1,0.5,0.5
5rcc-d0d1-,1,0.333333333333,0.333333333333,0.333333333333
5rcc-d0d1-cr,1,0.333333333333,0.333333333333,0.333333333333
5rcc-d0d1-rr,1,0.5,0.5
Qrcc-d1,3,0.882292666487,0.117707333513
Qrcc-d1d0-c,3,0.0444702527042,0.422047870004,0.533481877292
Qrcc-d1d0-crr,3,0.0416792534077,0.958320746592
Qrcc-d1d0-r,3,0.0444702527042,0.273174409468,0.682355337827
Qrcr,3,0.117707333513,0.882292666487
5rcrc-,1,0.5,0.5
Qrcrc-d0,3,0.0667053790562,0.933294620944
5rcrc-d0d0-,1,0.333333333333,0.333333333333,0.333333333333
Qrcrc-d0d0-c,3,0.333333333333,0.333333333333,0.333333333333
5rcrc-d0d0-cr,1,0.333333333333,0.333333333333,0.333333333333
Qrcrc-d0d0-crr,3,0.5,0.5
Qrcrc-d0d0-r,3,0.333333333333,0.333333333333,0.333333333333
5rcrc-d0d0-rr,1,0.5,0.5
5rcrc-d0d1-,1,0.333333333333,0.333333333333,0.333333333333
5rcrc-d0d1-cr,1,0.333333333333,0.333333333333,0.333333333333
5rcrc-d0d1-rr,1,0.5,0.5
Qrcrc-d1,3,0.0667053790562,0.933294620944
Qrcrc-d1d0-c,3,0.333333333333,0.333333333333,0.333333333333
Qrcrc-d1d0-crr,3,0.5,0.5
Qrcrc-d1d0-r,3,0.333333333333,0.333333333333,0.333333333333
5rr,1,0.5,0.5
5rrc-,1,0.5,0.5
Qrrc-d0,3,0.83548642478,0.16451357522
5rrc-d0d0-,1,0.333333333333,0.333333333333,0.333333333333
Qrrc-d0d0-c,3,0.0574379464503,0.0574379464503,0.885124107099
5rrc-d0d0-cr,1,0.333333333333,0.333333333333,0.333333333333
Qrrc-d0d0-crr,3,0.0324462671334,0.967553732867
Qrrc-d0d0-r,3,0.0574379464503,0.412160586728,0.530401466821
5rrc-d0d0-rr,1,0.5,0.5
5rrc-d0d1-,1,0.333333333333,0.333333333333,0.333333333333
5rrc-d0d1-cr,1,0.333333333333,0.333333333333,0.333333333333
5rrc-d0d1-rr,1,0.5,0.5
Qrrc-d1,3,0.853988679174,0.146011320826
Qrrc-d1d0-c,3,0.0561935136808,0.102858549432,0.840947936887
Qrrc-d1d0-crr,3,0.033410816066,0.966589183934
Qrrc-d1d0-r,3,0.0561935136808,0.0723375808451,0.871468905474
8r,5,0.199962075438,0.524674097881,0.275363826682
4rc,5,0.0666666666667,0.435996516361,0.497336816972
4rcc-,5,0.694187159003,0.305812840997
8rcc-d0,5,0.749685883363,0.250314116637
4rcc-d0d0-,5,0.0367111420687,0.926577715863,0.0367111420687
8rcc-d0d0-c,5,0.0282480538825,0.13787310139,0.833878844728
4rcc-d0d0-cr,5,0.2052826858,0.0132067145008,0.781510599699
8rcc-d0d0-crr,5,0.0169377446502,0.98306225535
8rcc-d0d0-r,5,0.0282480538825,0.324041165609,0.647710780508
4rcc-d0d0-rr,5,0.5,0.5
4rcc-d0d1-,5,0.0367111420687,0.926577715863,0.0367111420687
4rcc-d0d1-c,4,0.333333333333,0.333333333333,0.333333333333
4rcc-d0d1-cr,5,0.2052826858,0.0132067145008,0.781510599699
4rcc-d0d1-crr,4,0.5,0.5
4rcc-d0d1-r,4,0.333333333333,0.333333333333,0.333333333333
4rcc-d0d1-rr,5,0.5,0.5
8rcc-d1,5,0.749685883363,0.250314116637
4rcc-d1d0-,4,0.166666666667,0.666666666667,0.166666666667
8rcc-d1d0-c,5,0.0282480538825,0.13787310139,0.833878844728
4rcc-d1d0-cr,4,0.233333333333,0.0833333333333,0.683333333333
8rcc-d1d0-crr,5,0.0169377446502,0.98306225535
8rcc-d1d0-r,5,0.0282480538825,0.124074144361,0.847677801757
4rcc-d1d0-rr,4,0.5,0.5
4rcc-d1d1-,4,0.166666666667,0.666666666667,0.166666666667
7rcc-d1d1-c,2,0.0923509849066,0.41044768483,0.497201330263
4rcc-d1d1-cr,4,0.233333333333,0.0833333333333,0.683333333333
7rcc-d1d1-crr,2,0.0928708143819,0.907129185618
7rcc-d1d1-r,2,0.0923509849066,0.370407540784,0.53724147431
4rcc-d1d1-rr,4,0.5,0.5
8rcr,5,0.0635315016845,0.936468498315
4rcrc-,5,0.93297634079,0.06702365921
8rcrc-d0,5,0.675333010675,0.324666989325
4rcrc-d0d0-,5,0.0239461803691,0.952107639262,0.0239461803691
8rcrc-d0d0-c,5,0.0167427471602,0.424487012325,0.558770240515
4rcrc-d0d0-cr,5,0.00838356903557,0.00838356903557,0.983232861929
8rcrc-d0d0-crr,5,0.0149817813712,0.985018218629
8rcrc-d0d0-r,5,0.0167427471602,0.385153184908,0.598104067932
4rcrc-d0d0-rr,5,0.5,0.5
4rcrc-d0d1-,5,0.0239461803691,0.952107639262,0.0239461803691
4rcrc-d0d1-c,4,0.333333333333,0.333333333333,0.333333333333
4rcrc-d0d1-cr,5,0.00838356903557,0.00838356903557,0.983232861929
4rcrc-d0d1-crr,4,0.5,0.5
4rcrc-d0d1-r,4,0.333333333333,0.333333333333,0.333333333333
4rcrc-d0d1-rr,5,0.5,0.5
8rcrc-d1,5,0.675333010675,0.324666989325
4rcrc-d1d0-,4,0.166666666667,0.666666666667,0.166666666667
8rcrc-d1d0-c,5,0.0167427471602,0.270436682747,0.712820570093
4rcrc-d1d0-cr,4,0.0833333333333,0.0833333333333,0.833333333333
8rcrc-d1d0-crr,5,0.0117440123523,0.988255987648
8rcrc-d1d0-r,5,0.0167427471602,0.300761067726,0.682496185114
4rcrc-d1d0-rr,4,0.5,0.5
4rcrc-d1d1-,4,0.166666666667,0.666666666667,0.166666666667
7rcrc-d1d1-c,2,0.0536005939124,0.499982624903,0.446416781184
4rcrc-d1d1-cr,4,0.0833333333333,0.0833333333333,0.833333333333
7rcrc-d1d1-crr,2,0.0600342506953,0.939965749305
7rcrc-d1d1-r,2,0.0536005939124,0.413256973168,0.53314243292
4rcrc-d1d1-rr,4,0.5,0.5
4rr,5,0.340808086226,0.659191913774
4rrc-,5,0.620747775001,0.379252224999
8rrc-d0,5,0.87168491316,0.12831508684
4rrc-d0d0-,5,0.0407306843211,0.718759443887,0.240509871792
8rrc-d0d0-c,5,0.0462904148391,0.0507224758343,0.902987109327
4rrc-d0d0-cr,5,0.0188893445354,0.0188893445354,0.962221310929
8rrc-d0d0-crr,5,0.0256318248405,0.974368175159
8rrc-d0d0-r,5,0.0462904148391,0.41534559576,0.538363989401
4rrc-d0d0-rr,5,0.915324298297,0.0846757017034
4rrc-d0d1-,5,0.0407306843211,0.918538631358,0.0407306843211
4rrc-d0d1-c,4,0.0317622556586,0.462145738836,0.506092005506
4rrc-d0d1-cr,5,0.0147809730698,0.0147809730698,0.97043805386
4rrc-d0d1-crr,4,0.0313799223392,0.968620077661
4rrc-d0d1-r,4,0.0317622556586,0.0948882381447,0.873349506197
4rrc-d0d1-rr,5,0.5,0.5
8rrc-d1,5,0.87168491316,0.12831508684
4rrc-d1d0-,4,0.0621852327114,0.875629534577,0.0621852327114
8rrc-d1d0-c,5,0.0462904148391,0.0507224758343,0.902987109327
4rrc-d1d0-cr,4,0.023672580795,0.023672580795,0.95265483841
8rrc-d1d0-crr,5,0.0256318248405,0.974368175159
8rrc-d1d0-r,5,0.0462904148391,0.0498613896981,0.903848195463
4rrc-d1d0-rr,4,0.5,0.5
4rrc-d1d1-,4,0.0621852327114,0.875629534577,0.0621852327114
7rrc-d1d1-c,2,0.333333333333,0.333333333333,0.333333333333
4rrc-d1d1-cr,4,0.023672580795,0.023672580795,0.95265483841
7rrc-d1d1-crr,2,0.5,0.5
7rrc-d1d1-r,2,0.333333333333,0.333333333333,0.333333333333
4rrc-d1d1-rr,4,0.5,0.5
Jr,3,0.19123233578,0.697656553108,0.111111111111
Jrcc-d0,3,0.712575998855,0.287424001145
Jrcc-d0d0-c,3,0.134453027516,0.432773486242,0.432773486242
Jrcc-d0d0-crr,3,0.5,0.5
Jrcc-d0d0-r,3,0.333333333333,0.333333333333,0.333333333333
Jrcc-d1,3,0.5,0.5
Jrcc-d1d0-c,3,0.333333333333,0.333333333333,0.333333333333
Jrcc-d1d0-crr,3,0.5,0.5
Jrcc-d1d0-r,3,0.333333333333,0.333333333333,0.333333333333
Krcc-d1d1-c,6,0.333333333333,0.333333333333,0.333333333333
Krcc-d1d1-crr,6,0.5,0.5
Krcc-d1d1-r,6,0.333333333333,0.333333333333,0.333333333333
Jrcr,3,0.0796316687746,0.920368331225
Jrcrc-d0,3,0.0432607609763,0.956739239024
Jrcrc-d0d0-c,3,0.333333333333,0.333333333333,0.333333333333
Jrcrc-d0d0-crr,3,0.5,0.5
Jrcrc-d0d0-r,3,0.333333333333,0.333333333333,0.333333333333
Jrcrc-d1,3,0.5,0.5
Jrcrc-d1d0-c,3,0.333333333333,0.333333333333,0.333333333333
Jrcrc-d1d0-crr,3,0.5,0.5
Jrcrc-d1d0-r,3,0.333333333333,0.333333333333,0.333333333333
Krcrc-d1d1-c,6,0.333333333333,0.333333333333,0.333333333333
Krcrc-d1d1-crr,6,0.5,0.5
Krcrc-d1d1-r,6,0.333333333333,0.333333333333,0.333333333333
Jrrc-d0,3,0.5,0.5
Jrrc-d0d0-c,3,0.333333333333,0.333333333333,0.333333333333
Jrrc-d0d0-crr,3,0.5,0.5
Jrrc-d0d0-r,3,0.333333333333,0.333333333333,0.333333333333
Jrrc-d1,3,0.5,0.5
Jrrc-d1d0-c,3,0.333333333333,0.333333333333,0.333333333333
Jrrc-d1d0-crr,3,0.5,0.5
Jrrc-d1d0-r,3,0.333333333333,0.333333333333,0.333333333333
Krrc-d1d1-c,6,0.0151515151515,0.90675990676,0.0780885780886
Krrc-d1d1-crr,6,0.0970149253731,0.902985074627
Krrc-d1d1-r,6,0.69696969697,0.151515151515,0.151515151515
7r,4,0.0833333333333,0.0833333333333,0.833333333333
7rcc-d0,4,0.5,0.5
7rcc-d0d0-c,4,0.333333333333,0.333333333333,0.333333333333
7rcc-d0d0-crr,4,0.5,0.5
7rcc-d0d0-r,4,0.333333333333,0.333333333333,0.333333333333
2rcc-d0d1-c,5,0.332154148642,0.335691702717,0.332154148642
2rcc-d0d1-crr,5,0.5,0.5
2rcc-d0d1-r,5,0.332154148642,0.332154148642,0.335691702717
7rcc-d1,4,0.5,0.5
2rcc-d1d0-,5,0.220243082517,0.376486192198,0.403270725286
7rcc-d1d0-c,4,0.333333333333,0.333333333333,0.333333333333
2rcc-d1d0-cr,5,0.194998813662,0.354615567129,0.450385619209
7rcc-d1d0-crr,4,0.5,0.5
7rcc-d1d0-r,4,0.333333333333,0.333333333333,0.333333333333
2rcc-d1d0-rr,5,0.273071002563,0.726928997437
2rcc-d1d1-,5,0.220243082517,0.376486192198,0.403270725286
Jrcc-d1d1-c,5,0.482763656131,0.482763656131,0.0344726877385
2rcc-d1d1-cr,5,0.194998813662,0.354615567129,0.450385619209
Jrcc-d1d1-crr,5,0.5,0.5
Jrcc-d1d1-r,5,0.213789075095,0.0344726877385,0.751738237166
2rcc-d1d1-rr,5,0.273071002563,0.726928997437
7rcr,4,0.5,0.5
7rcrc-d0,4,0.5,0.5
7rcrc-d0d0-c,4,0.333333333333,0.333333333333,0.333333333333
7rcrc-d0d0-crr,4,0.5,0.5
7rcrc-d0d0-r,4,0.333333333333,0.333333333333,0.333333333333
2rcrc-d0d1-c,5,0.167395274069,0.167395274069,0.665209451862
2rcrc-d0d1-crr,5,0.874178521065,0.125821478935
2rcrc-d0d1-r,5,0.167395274069,0.167395274069,0.665209451862
7rcrc-d1,4,0.5,0.5
2rcrc-d1d0-,5,0.155546683588,0.422226658206,0.422226658206
7rcrc-d1d0-c,4,0.333333333333,0.333333333333,0.333333333333
2rcrc-d1d0-cr,5,0.122798723201,0.393486079085,0.483715197713
7rcrc-d1d0-crr,4,0.5,0.5
7rcrc-d1d0-r,4,0.333333333333,0.333333333333,0.333333333333
2rcrc-d1d0-rr,5,0.184198084802,0.815801915198
2rcrc-d1d1-,5,0.155546683588,0.422226658206,0.422226658206
Jrcrc-d1d1-c,5,0.16373995724,0.16373995724,0.67252008552
2rcrc-d1d1-cr,5,0.122798723201,0.393486079085,0.483715197713
Jrcrc-d1d1-crr,5,0.986486486486,0.0135135135135
Jrcrc-d1d1-r,5,0.0181762185276,0.0181762185276,0.963647562945
2rcrc-d1d1-rr,5,0.184198084802,0.815801915198
7rrc-d0,4,0.643793970765,0.356206029235
7rrc-d0d0-c,4,0.487055900316,0.487055900316,0.0258881993674
7rrc-d0d0-crr,4,0.5,0.5
7rrc-d0d0-r,4,0.948223601265,0.0258881993674,0.0258881993674
2rrc-d0d1-c,5,0.43265701671,0.544571561358,0.0227714219321
2rrc-d0d1-crr,5,0.5,0.5
2rrc-d0d1-r,5,0.493047289799,0.0227714219321,0.484181288269
7rrc-d1,4,0.2,0.8
2rrc-d1d0-,5,0.261624521672,0.369187739164,0.369187739164
7rrc-d1d0-c,4,0.0833333333333,0.0833333333333,0.833333333333
2rrc-d1d0-cr,5,0.236216332882,0.361081047748,0.40270261937
7rrc-d1d0-crr,4,0.95,0.05
7rrc-d1d0-r,4,0.0833333333333,0.0833333333333,0.833333333333
2rrc-d1d0-rr,5,0.354324499324,0.645675500676
2rrc-d1d1-,5,0.261624521672,0.369187739164,0.369187739164
Jrrc-d1d1-c,5,0.44040475397,0.44040475397,0.11919049206
2rrc-d1d1-cr,5,0.236216332882,0.361081047748,0.40270261937
Jrrc-d1d1-crr,5,0.892436782507,0.107563217493
Jrrc-d1d1-r,5,0.025641025641,0.025641025641,0.948717948718
2rrc-d1d1-rr,5,0.354324499324,0.645675500676
4r,5,0.0666666666667,0.0666666666667,0.866666666667
4rcc-d0,5,0.5,0.5
4rcc-d0d0-c,5,0.333333333333,0.333333333333,0.333333333333
4rcc-d0d0-crr,5,0.5,0.5
4rcc-d0d0-r,5,0.333333333333,0.333333333333,0.333333333333
9rcc-d0d1-c,7,0.333333333333,0.333333333333,0.333333333333
9rcc-d0d1-crr,7,0.5,0.5
9rcc-d0d1-r,7,0.333333333333,0.333333333333,0.333333333333
4rcc-d1,5,0.5,0.5
9rcc-d1d0-,7,0.379894273949,0.408065638888,0.212040087163
4rcc-d1d0-c,5,0.333333333333,0.333333333333,0.333333333333
9rcc-d1d0-cr,7,0.203159897983,0.458482168086,0.33835793393
4rcc-d1d0-crr,5,0.5,0.5
4rcc-d1d0-r,5,0.333333333333,0.333333333333,0.333333333333
9rcc-d1d0-rr,7,0.112089756409,0.887910243591
9rcc-d1d1-,7,0.0468582392604,0.442646198177,0.510495562563
6rcc-d1d1-c,4,0.333333333333,0.333333333333,0.333333333333
9rcc-d1d1-cr,7,0.0352864503324,0.379186699949,0.585526849719
6rcc-d1d1-crr,4,0.5,0.5
6rcc-d1d1-r,4,0.333333333333,0.333333333333,0.333333333333
9rcc-d1d1-rr,7,0.0458948546243,0.954105145376
4rcr,5,0.5,0.5
4rcrc-d0,5,0.5,0.5
4rcrc-d0d0-c,5,0.333333333333,0.333333333333,0.333333333333
4rcrc-d0d0-crr,5,0.5,0.5
4rcrc-d0d0-r,5,0.333333333333,0.333333333333,0.333333333333
9rcrc-d0d1-c,7,0.454849126255,0.454849126255,0.0903017474898
9rcrc-d0d1-crr,7,0.5,0.5
9rcrc-d0d1-r,7,0.81939650502,0.0903017474898,0.0903017474898
4rcrc-d1,5,0.5,0.5
9rcrc-d1d0-,7,0.138016861537,0.463554836271,0.398428302192
4rcrc-d1d0-c,5,0.333333333333,0.333333333333,0.333333333333
9rcrc-d1d0-cr,7,0.144303644541,0.423929689189,0.43176666627
4rcrc-d1d0-crr,5,0.5,0.5
4rcrc-d1d0-r,5,0.333333333333,0.333333333333,0.333333333333
9rcrc-d1d0-rr,7,0.15594374318,0.84405625682
9rcrc-d1d1-,7,0.122126606163,0.393999388404,0.483874005433
6rcrc-d1d1-c,4,0.333333333333,0.333333333333,0.333333333333
9rcrc-d1d1-cr,7,0.103322162215,0.399050810796,0.497627026989
6rcrc-d1d1-crr,4,0.5,0.5
6rcrc-d1d1-r,4,0.333333333333,0.333333333333,0.333333333333
9rcrc-d1d1-rr,7,0.126196700786,0.873803299214
4rrc-d0,5,0.0384615384615,0.961538461538
4rrc-d0d0-c,5,0.333333333333,0.333333333333,0.333333333333
4rrc-d0d0-crr,5,0.5,0.5
4rrc-d0d0-r,5,0.333333333333,0.333333333333,0.333333333333
9rrc-d0d1-c,7,0.392364365594,0.568399197847,0.0392364365594
9rrc-d0d1-crr,7,0.5,0.5
9rrc-d0d1-r,7,0.76603081154,0.127253852686,0.106715335773
4rrc-d1,5,0.153846153846,0.846153846154
9rrc-d1d0-,7,0.0936228998545,0.113720673566,0.792656426579
4rrc-d1d0-c,5,0.0833333333333,0.0833333333333,0.833333333333
9rrc-d1d0-cr,7,0.274423570544,0.35016469413,0.375411735325
4rrc-d1d0-crr,5,0.95,0.05
4rrc-d1d0-r,5,0.0833333333333,0.0833333333333,0.833333333333
9rrc-d1d0-rr,7,0.0590564188437,0.940943581156
9rrc-d1d1-,7,0.0936228998545,0.0936228998545,0.812754200291
6rrc-d1d1-c,4,0.0175438596491,0.0175438596491,0.964912280702
9rrc-d1d1-cr,7,0.333333333333,0.333333333333,0.333333333333
6rrc-d1d1-crr,4,0.990909090909,0.00909090909091
6rrc-d1d1-r,4,0.0175438596491,0.0175438596491,0.964912280702
9rrc-d1d1-rr,7,0.0575960726016,0.942403927398
